=== Run information ===

Scheme:       weka.clusterers.EM -I 100 -N -1 -X 10 -max -1 -ll-cv 1.0E-6 -ll-iter 1.0E-6 -M 1.0E-6 -K 10 -num-slots 1 -S 100
Relation:     UCA Data Mining - LEADS Real Estate 20190903-weka.filters.unsupervised.attribute.Remove-R1,7-weka.filters.unsupervised.attribute.Remove-R9,11-12-weka.filters.supervised.instance.ClassBalancer-num-intervals10
Instances:    19688
Attributes:   12
              Origen
              Proyecto ALIAS
              País
              Tipo de Proyecto
              Estado manual
              MES
              Estado Proyecto (Fecha creación LEAD)
              TC (ARS/USD)
              Variación TC ARS/USD (- 12 SEM)
              Variación TC UYU/USD (- 12 SEM)
              Tasa interés crédito hipoteca
              CLASE new (simplificada a 2 clases)
Test mode:    evaluate on training data


=== Clustering model (full training set) ===


EM
==

Number of clusters selected by cross validation: 16
Number of iterations performed: 38


                                          Cluster
Attribute                                       0         1         2         3         4         5         6         7         8         9        10        11        12        13        14        15
                                           (0.03)    (0.07)    (0.09)    (0.12)    (0.05)    (0.02)    (0.04)    (0.05)    (0.03)    (0.04)    (0.04)    (0.05)    (0.05)    (0.09)    (0.21)    (0.02)
========================================================================================================================================================================================================
Origen
  Facebook                                 97.1307  626.8328 1083.7149  811.5139  208.9334   21.8916  126.4696   72.4846   62.1723  199.2211   65.6097  174.5153   101.647 1189.4214 1608.3362   88.7996
  Espontaneo                               59.0273   30.3976  176.8041  250.8084  168.3366   29.7157   59.0916   39.7232   34.8239   47.9794   86.0031   71.0602   71.4448   89.5493  430.1813   55.7465
  Google                                   65.8612   224.273  170.4191  443.5163  141.2479   48.8977  365.8854  271.0719  169.6295  173.1011  387.2567  301.5856  441.7847   63.0805  621.9799   62.4279
  Emblue                                   11.4985   33.9374    1.5094   77.1891   60.9691   14.2483  103.4936  147.9113  103.9692   14.4466   60.7281    3.0908   23.8841    1.0001  161.7517    1.5132
  E-mailing                                 1.0019    39.842   40.7242  119.8252    3.1554    4.5669   36.3904    9.6738    2.0194    2.0192   35.0251    5.0577   28.7019   44.9034   278.178         1
  Organico                                  2.0191  129.1965  180.9828   17.1482    1.5095    1.5096   26.0527    4.0014    2.0191    2.0191   48.6477     2.075    1.0001  274.7216  467.7504         1
  ZonaProp                                       1         1         1         1         1         1    1.5118    1.0224         1         1         1    1.4871         1         1  170.7111         1
  Referido                                       1   82.5148    54.845    1.8394         1         1    2.2391    2.5285    1.5097    28.187   27.7345         1         1  113.5608  161.1167         1
  Instagram                                 41.297    3.6423         1  119.5809    57.703  291.9863    54.132  155.2239   63.9032   61.9545   80.7263  110.9511    54.443         1   41.9314    2.6489
  Broker                                         1         1      4.57    1.5112         1         1         1   27.7839    27.678         1         1  134.7902         1    2.5238   30.2252         1
  Evento                                         1    38.378    1.0001    1.0001         1         1    1.0007  114.8384    3.5559         1         1    1.5068         1   37.8684  229.6727         1
  ViaPublica                                2.0211         1    1.4925   27.7241    1.0028         1    1.0003    27.675         1    1.4975         1    1.5109    2.0303    6.0631    2.0188         1
  Medios                                         1   29.8237    1.5095    2.4206         1         1    1.5061         1         1         1    1.0043         1         1         1    4.0565         1
  Twitter                                        1    1.4946         1     1.015         1         1    1.0025         1         1         1         1         1         1         1     1.507         1
  Infocasas                               300.8396    95.731         1  584.4369  350.3294         1         1  111.1372  165.8174  201.7402         1  206.8575   274.766         1         1  112.8716
  Linkedin                                  2.0187         1         1    1.5095         1    2.0191         1    3.5408    1.5095    1.0004   27.6775         1         1         1         1    1.0069
  Mercado X                                 1.0176         1         1         1         1         1         1    1.4487         1         1         1         1   27.7208         1         1         1
  MediosGraficos                                 1         1         1         1         1         1         1    1.5095         1         1         1         1         1         1         1         1
  [total]                                 590.7327 1342.0637 1724.5714 2464.0388 1002.1873  424.8351  784.7758  993.5745   644.607  740.1661   828.413 1020.4882 1035.4228 1830.6923 4213.4168  336.0146
Proyecto ALIAS
  Proyecto #1                               1.0112    1.0006 1706.0543 1862.6402  814.5418         1         1    1.0003  418.5612  505.6665         1   33.1113 1018.3703 1813.6909         1    1.8074
  Proyecto #2                                    1         1         1         1         1         1  767.7758         1         1         1   811.413         1         1         1 4196.4168         1
  Proyecto #3                             573.6974 1325.0631    2.5171  585.3986  171.6451         1         1    1.0002  209.7676  218.4965         1  300.1806    1.0012    1.0014         1  318.1035
  Proyecto #4                               1.0027         1         1         1    1.0004         1         1  450.0552    1.0003    1.0002         1   19.7039    1.0002         1         1    1.1036
  Proyecto #6                               1.0214         1         1         1         1         1         1  527.5097    1.2779    1.0029         1   591.484     1.051         1         1         1
  Proyecto #5                                    1         1         1         1         1  407.8351         1         1         1         1         1         1         1         1         1         1
  Proyecto #7                                    1         1         1         1         1         1         1    1.0091         1         1         1   63.0083         1         1         1         1
  [total]                                 579.7327 1331.0637 1713.5714 2453.0388  991.1873  413.8351  773.7758  982.5745   633.607  729.1661   817.413 1009.4882 1024.4228 1819.6923 4202.4168  325.0146
País
  UY                                      573.7327 1325.0637 1707.5714 2447.0388  985.1873         1         1  976.5745   627.607  723.1661         1 1003.4882 1018.4228 1813.6923         1  319.0146
  AR                                             1         1         1         1         1         1  767.7758         1         1         1   811.413         1         1         1 4196.4168         1
  USA                                            1         1         1         1         1  407.8351         1         1         1         1         1         1         1         1         1         1
  [total]                                 575.7327 1327.0637 1709.5714 2449.0388  987.1873  409.8351  769.7758  978.5745   629.607  725.1661   813.413 1005.4882 1020.4228 1815.6923 4198.4168  321.0146
Tipo de Proyecto
  Departamentos                             573.73 1325.0637 1707.5714 2447.0388  985.1869  407.8351  767.7758  527.5193  627.6067  723.1659   811.413  984.7842 1018.4226 1813.6923 4196.4168   318.911
  Terrenos                                  1.0027         1         1         1    1.0004         1         1  450.0552    1.0003    1.0002         1   19.7039    1.0002         1         1    1.1036
  [total]                                 574.7327 1326.0637 1708.5714 2448.0388  986.1873  408.8351  768.7758  977.5745   628.607  724.1661   812.413 1004.4882 1019.4228 1814.6923 4197.4168  320.0146
Estado manual
  Posible comprador                       490.9307 1200.9991  1440.369 2079.9968  778.5003  359.9374  632.4005  876.8413  537.8905  562.4053  651.6179  869.4697  824.3592 1655.7412 3554.0149  290.7143
  Perfil inadecuado                         83.802  125.0646  268.2024   368.042  207.6869   48.8977  136.3753  100.7331   90.7165  161.7608  160.7951  135.0185  195.0635  158.9512   643.402   29.3003
  [total]                                 574.7327 1326.0637 1708.5714 2448.0388  986.1873  408.8351  768.7758  977.5745   628.607  724.1661   812.413 1004.4882 1019.4228 1814.6923 4197.4168  320.0146
MES
  mean                                       7.021    6.8397    2.0936    3.5513     7.148    6.0097    6.2775    5.7527    3.9949    9.7201    7.0495    6.9336    5.2301    8.2223    5.0164         7
  std. dev.                                 5.1194    3.8051    1.0186    1.5167    0.8154    1.8745    1.1274    2.5298    0.7964    0.8501    3.8899    0.7305    3.8868    2.2822    3.3419         0

Estado Proyecto (Fecha creación LEAD)
  PV                                        1.0241  1325.062  1543.513  154.8284    1.0004  407.8351         1   976.574    1.2781    1.0031         1  672.1962    1.0512    1.0015         1    1.1036
  FO                                        1.0112         1         1    1.0001   609.627         1  767.7758    1.0003  418.5612  505.6665   811.413   33.1107 1018.3703         1 4196.4168    1.8074
  IO                                      573.6974    1.0016  165.0585 2293.2103  376.5599         1         1    1.0002  209.7676  218.4965         1  300.1812    1.0012 1813.6908         1  318.1035
  [total]                                 575.7327 1327.0637 1709.5714 2449.0388  987.1873  409.8351  769.7758  978.5745   629.607  725.1661   813.413 1005.4882 1020.4228 1815.6923 4198.4168  321.0146
TC (ARS/USD)
  mean                                     37.5035   18.3314   15.6573   21.4088   28.3554   43.7286    31.578   39.5437    43.198   37.4664   38.1245   45.2599   39.6991   17.0303   17.4216   27.5438
  std. dev.                                  0.861    1.2593    0.2217    2.0977    1.2274    3.2974    8.6551    6.3754    1.6315    1.5958    2.2874    4.6987    2.5905    0.7913    1.9012    0.3194

Variación TC ARS/USD (- 12 SEM)
  mean                                      0.0316    0.0599    0.0095    0.1389    0.2911    0.0465    0.2232    0.1825    0.1408    0.3541    0.1971    0.0366    0.0144    0.0537    0.0441    0.3539
  std. dev.                                  0.067    0.0465    0.0371    0.0621    0.0817    0.0823    0.1229    0.1211    0.0448    0.1075    0.1552       0.1    0.0427    0.0475    0.0553    0.0323

Variación TC UYU/USD (- 12 SEM)
  mean                                      0.0771    0.0015    0.0028    0.0153   -0.0225    0.0155   -0.0091     0.025    0.0435    0.0211    0.0422   -0.0064    0.0336    0.0022    0.0019   -0.0266
  std. dev.                                 0.0415    0.0162    0.0443    0.0086    0.0082    0.0318    0.0161    0.0466    0.0303    0.0453    0.0455    0.0129    0.0487    0.0137    0.0306     0.013

Tasa interés crédito hipoteca
  mean                                      5.6961    5.5918    5.9009      5.57    5.8957    3.8672   23.3565     6.118    6.2673    5.9762   32.6354    5.5031      5.62    5.7974   18.6969         6
  std. dev.                                 0.1007    0.1745    0.0214    0.2146    0.3194     0.166     2.496    0.2256    0.0566     0.088    3.2893    0.1834    0.1362    0.1509    0.8586    7.6155

CLASE new (simplificada a 2 clases)
  UNQUALIFIED LEAD                         312.988  507.6854  881.4289 1102.8681  611.9535  301.1251  361.5176  466.7794  387.4516  530.4637  465.6513  471.0119   540.103  933.1819 1880.5235  105.2671
  QUALIFIED LEAD                          261.7447  818.3782  827.1425 1345.1707  374.2337    107.71  407.2582  510.7951  241.1554  193.7024  346.7618  533.4763  479.3198  881.5104 2316.8933  214.7475
  [total]                                 574.7327 1326.0637 1708.5714 2448.0388  986.1873  408.8351  768.7758  977.5745   628.607  724.1661   812.413 1004.4882 1019.4228 1814.6923 4197.4168  320.0146


Time taken to build model (full training data) : 1840.77 seconds

=== Model and evaluation on training set ===

Clustered Instances

 0        626 (  3%)
 1       1030 (  5%)
 2       1758 (  9%)
 3       2213 ( 11%)
 4       1157 (  6%)
 5        593 (  3%)
 6        726 (  4%)
 7        926 (  5%)
 8        767 (  4%)
 9       1042 (  5%)
10        923 (  5%)
11        933 (  5%)
12       1088 (  6%)
13       1864 (  9%)
14       3774 ( 19%)
15        268 (  1%)


Log likelihood: -5.92219

